$ nocache python3 plot.py
Results for fixed k -- proctopk
k = 250
    0.701
    0.747
    0.789
    0.816
    0.953
    1.088
    1.147
    1.303
    1.414
    1.629
k = 500
    0.702
    0.79
    0.805
    0.866
    1.015
    1.049
    1.179
    1.255
    1.384
    1.526
k = 750
    0.742
    0.794
    0.832
    0.843
    0.921
    1.14
    1.193
    1.268
    1.419
    1.649

Results for fixed k -- threadtopk
k = 250
    0.432
    0.524
    0.624
    0.714
    0.816
    0.923
    1.025
    1.129
    1.259
    1.37
k = 500
    0.419
    0.532
    0.636
    0.726
    0.822
    0.912
    1.032
    1.124
    1.288
    1.449
k = 750
    0.409
    0.524
    0.636
    0.725
    0.844
    0.954
    1.02
    1.154
    1.29
    1.435

Results for fixed n -- proctopk
n = 3
    0.778
    0.809
    0.775
    0.799
    0.811
    0.802
    0.829
    0.807
    0.788
    0.817
n = 5
    0.984
    0.973
    0.971
    0.954
    0.957
    0.959
    0.99
    1.031
    1.001
    1.013
n = 7
    1.194
    1.209
    1.142
    1.159
    1.142
    1.196
    1.234
    1.202
    1.176
    1.215

Results for fixed n -- threadtopk
n = 3
    0.614
    0.607
    0.611
    0.618
    0.633
    0.624
    0.617
    0.639
    0.624
    0.622
n = 5
    0.824
    0.807
    0.821
    0.818
    0.811
    0.815
    0.837
    0.836
    0.849
    0.845
n = 7
    1.023
    1.001
    1.014
    1.016
    1.05
    1.029
    1.045
    1.037
    1.066
    1.05

